3,2
10,25
10,73
10,83
10,101
10,131
10,245
10,79
10,2
9,5
9,2
9,3
8,16
8,14
8,13
8,18
8,8
8,2
8,3
69,3
69,2
69,1
24,3
24,2
24,1
24,0
20,3
20,2
20,1
12,3
12,2
12,1
11,30
11,29
11,28
11,27
19,2
19,1
19,3
11,26
11,25
11,24
11,23
11,22
11,21
11,20
11,19
11,18
11,17
11,16
11,15
11,14
11,12
11,11
11,10
11,9
11,8
11,7
11,6
11,5
11,4
11,3
11,2
11,1
10,317
10,316
10,315
10,314
10,313
10,312
10,311
10,310
10,309
10,308
10,307
10,306
10,305
10,304
10,303
10,302
10,301
10,293
10,291
10,289
10,286
10,283
10,275
10,270
10,268
10,259
10,224
10,207
10,202
10,198
10,191
10,187
10,186
10,176
10,174
